480348682
311886862
1243809301
495570453
479236120
114310686
297880608
26122787
129557542
25620518
418094121
495570481
1277647420
1277647424
1216466497
416406608
343634528
480328296
408438890
299611755
560401014
311888512
475049092
1105954950
480482955
133267084
428215444
430012055
312404120
133267097
447867546
128668311
114310301
420807841
112593058
560405665
503018150
112617127
26016422
493769388
1097379506
25632448
114312390
112617159
343634631
474699485
414127326
25507555
112677103
1110338291
299610871
501225720
414952186
414952188
25503998
1264279295
1165604098
1072187144
111467273
432578826
299585291
1110698255
444030224
135814928
25507600
519337747
493669135
319327519
415406372
475080491
480476974
137901873
479183683
135825223
497922892
416063311
112618343
428050309
474385800
335739277
135886748
500009890
111428006
1309301162
1097394602
1279354288
314075573
1097394613
122452409
1097394624
112688578
473240009
125375435
1209790928
112688598
112688601
478862297
560409062
1209790954
698819576
476009979
479183873
311624193
1097394698
416375844
416375846
1334167596
475082799
343646772
257735220
495570486
111508025
848514117
921193542
126580296
560975954
480499795
479435858
1277605470
503018086
428214888
418090107
497869949
111465604
112652932
428217479
428215432
129777800
428215442
114309780
412525207
25632411
138218142
479512742
414913212
1097379528
1279779529
475715786
1280037579
1103500491
314074321
111479505
445041881
114311904
25507553
1252543205
506111733
445041909
452584702
414952190
480495875
1223806727
1264279310
1165604111
128655631
25504025
432578853
475360039
25532204
111430447
432578864
414134071
411504964
414134090
1097394511
1097394515
1097394517
478632790
412753749
413275491
130075499
478100847
111484788
25440127
474385803
424029076
135886748
122439070
135826849
444017064
415754665
478903215
415398835
1216830903
475737527
1243857849
299611581
257736645
447872457
122452434
125375442
314074581
495570392
26122714
417058275
1161739747
473880558
137981937
1097394674
353290228
698819580
698819583
135822336
285949956
314553861
1223751693
126647309
501142553
430284833
416375846
297370151
1097394728
335561263
663689264
663689265
495570479
299585609
1296455254
1147306587
428215392
420774512
1277620341
663689338
503018107
560401022
475549315
311888516
429544582
560976008
128669176
137884299
128668303
285908631
112593054
560976031
480482979
428214948
493769387
129552045
128594096
1277620406
1165604024
430267067
26016444
26015933
1278758082
428208836
111479500
111479507
475715798
479297772
497181943
432578817
299585296
444004632
428215583
319327519
429381407
429381410
497186084
432578853
428215590
1164520746
1274830123
311888684
478863664
481401143
128623929
135857477
478632774
414134085
137982795
414134093
500009820
297369444
432578919
96497010
299614580
413301119
1207543170
479412103
1333616032
431654316
26122670
335560628
1097394613
96500153
96500160
513925574
495570375
479226826
1223751631
286968789
297369050
26122716
1297709020
126625245
138219492
1263433190
1103952871
135830508
1103952885
1103952888