600961280
1304793220
600755333
251698311
251369992
1104324878
264358031
376000912
26023695
1104324881
1103647636
1104324884
603942933
603323927
264358042
1074056223
374699551
373409570
596184227
603953700
1165293096
596178602
264358187
373441836
597568685
265458476
1074079792
600823216
1080632501
1103647669
264357685
1104631096
1103644729
597568311
251369916
603323968
596184256
376320834
252057283
1071159492
1112923972
603942393
376081232
603942394
265458515
269374804
1082536404
603324026
265458514
603942498
603323881
265458409
373442027
1208599150
1104444911
600752888
1104631161
1080610426
597568636
1104631165
372931838
1304997816
1304931270
596184223